04741
000637
005658
006419
003965
000379
000309
005608
001592
005237
002711
000136
000938
002589
003607
000852
000110
003238
002664
007125
000380
002233
000366
000651
004392
006171
000993
002434
004855
002940
004286
001753
002786
003676
006702
001226
005259
001950
005706
004108
005487
002142
003836
004006
000491
004841
003402
005336
002791
000122
006988
004028
006901
001185
000983
001893
001803
004287
004634
003081
007149
006626
001917
006155
005152
002034
003987
005866
000687
006126
003619
005591
003300
002109
001304
005407
002304
000502
004171
002062
004082
004918
000708
000089
005508
005043
004412
001376
006020
006230
006013
004892
004866
003681
000339
006362
006869
002548
003539
007304
001164
004615
007143
007294
001330
004169
000591
001876
007335
001716
004128
006174
006398
005911
004047
004864
003698
001967
004339
001404
001181
000335
004889
001130
006484
001844
000124
004587
006667
001695
005949
005254
005095
005419
004034
003936
003815
006401
004210
004457
001608
006334
006628
000760
005408
005879
006321
004320
002625
001723
001953
003637
003868
004260
003500
006731
000684
000428
007048
003211
000972
000667
001064
004438
003110
006090
003259
003449
000602
002553
004368
003612
003209
002657
003902
006687
004752
006186
002909
000717
000476
000495
000949
003636
001960
003558
006621
004505
004761
001092
006962
006972
002412
003524
003228
003056
001455
003328
003966
005754
003643
006344
001283
004067
002145
005228
002388
002922
003067
002291
002300
001941
000383
006176
005776
005149
003405
006679
006488
006590
002463
007112
004475
004271
001442
006256
001555
004064
002630
003386
006577
006925
005938
003663
005862
001907
005585
002985
004256
005426
005113
003956
004506
006429
005550
007221
007245
003477
004022
003441
000996
005108
006550
001355
003278
005929
001131
000228
002197
003556
006485
005162
003752
006031
004018
007260
004566
005669
006588
001067
007191
007146
004714
001531
002193
006906
002481
005902
005810
004436
002587
007292
002321
003544
001117
002428
007238
001754
004885
006038
003006
004029
000702
003926
001407
002124
004567
002047
003009
006224
000427
006065
000597
003297
000655
002399
005471
000437
006244
003735
006622
003891
000358
001850
005602
000774
005191
003465
007424
004878
001751
006697
002113
004106
001028
002673
004527
004928
001776
006547
006263
000752
006282
004576
000242
001107
004134
004486
001993
007473
001858
001642
002345
004890
003458
001307
001223
001168
001655
003854
006347
005984
007209
000105
005383
004258
002865
000098
003313
002325
005495
007414
000669
004571
004758
000625
002999
001658
000421
004683
000164
005103
006181
005308
002597
002416
004248
000268
004951
000915
001154
006840
007373
006810
002510
004152
003367
001792
003980
000052
001827
004348
005417
005549
005710
007480
000872
003666
001698
005638
005249
004349
002886
002477
000010
006844
002292
001227
004456
002102
006406
006297
002285
005534
002154
003548
003706
001582
001667
000155
003245
003620
001668
005063
003508
004598
006520
006783
005501
003753
006997
003806
002162
002237
006655
005167
006383
006024
006045
006694
007459
006871
002796
006475
000363
002306
000823
000426
007117
005130
004425
007305
002172
002678
002702
003489
000988
002378
006748
000735
007218
005511
000488
006739
002370
004369
006519
000693
005212
006851
003540
004483
005232
006701
007399
007454
002096
003241
000160
004963
006915
000518
005714
002776
001415
002726
001487
006595
006209
002619
003530
005513
004783
005826
006627
006191
004946
000558
005922
000208
000445
005265
005140
002972
005626
002966
000031
004331
001159
003588
003487
003872
006855
005858
006945
006124
004451
000396
005556
000853
005424
004549
002319
000101
006984
004205
007392
002734
004575
002452
004994
005952
005443
000876
005455
003751
003369
002049
004728
006439
007145
006138
005064
006663
000878
000395
000513
006773
006817
005702
005261
001534
004133
005997
006269
001510
004736
001486
005034
003941
007113
005628
004682
005557
003370
005966
002174
006713
003768
000588
001948
003821
005195
006651
002697
004524
001022
003167
002000
005767
003825
004298
001496
003661
002945
004396
002219
000753
000642
000979
007172
003664
006301
004075
000585
001978
001980
000112
006544
004378
003796
005005
006385
006836
002582
004768
007411
002951
002899
004198
003783
007181
000817
000884
000482
007266
007283
006974
002504
001802
005687
003882
001650
002343
001329
003216
001857
000641
002817
005255
001887
004479
001017
005225
004023
001675
001589
006624
006034
007212
005221
006787
000557
003605
006273
001053
004035
003444
000369
003515
001281
002363
002588
003451
006318
000738
002486
003932
005457
000780
005420
002803
001287
004935
002020
006465
005297
004705
007380
001005
005138
007475
000351
001030
000354
002696
004025
005392
002787
000837
001506
001995
002878
000849
005496
005414
006493
002266
007397
001965
001458
002371
000222
003790
002648
002432
002602
004107
001796
002112
005721
000967
006567
004496
000562
000732
002407
001250
005219
002053
003453
001859
003404
007371
005372
005506
002910
002152
004000
005328
006313
006063
001472
007297
003862
001474
003804
002784
001704
001759
003798
006907
007274
006706
006175
001913
003012
001526
004041
001493
004153
005458
006088
006849
003023
004526
004344
002801
001204
006641
003473
004613
006087
001176
004574
001721
007356
004502
003767
006721
002997
002367
005040
003929
006792
001326
004623
004423
002190
004079
004590
005141
002250
003324
005425
003692
001696
000252
004681
000271
005073
003234
002309
004284
002251
003485
004113
004329
005784
006979
006403
000299
006306
004774
003021
000714
004272
000466
006881
000402
003714
001137
001347
003105
006110
004552
004589
000018
005288
000387
005161
003649
005613
002350
006133
005927
005077
001578
007009
001451
005762
000060
000850
006826
003710
000042
002858
000338
002435
005247
000864
000333
001606
004499
004217
006874
003574
002969
002231
002358
003800
004087
004788
001665
004650
006562
002234
004535
002228
004871
002454
007114
008000
008001
008002
008003
008004
008005
008006
008007
008008
008009
008010
008011
008012
008013
008014
008015
008016
008017
008018
011682
011683
011684
011685
011686
011687
011688
011689
011690
011691
011692
011693
011694
011695
011696
011697
011698
011699
011700
008968
008969
008970
008971
008972
008973
008974
008975
008976
008977
008978
008979
008980
008981
008982
008983
008984
008985
008986
008987
013650
013651
013652
013653
013654
013655
013656
013657
013658
013659
013660
013661
013662
013663
013664
013665
013666
013667
013668
013669
013670
013671
013672
013673
013674
012987
012988
012989
012990
012991
012992
012993
012994
012995
012996
012997
012998
012999
013000
013001
013002
013003
013004
013005
013006
013007
013008
008019
008048
008067
008097
008117
008138
008162
008183
008206
008226
008246
008275
008295
008332
008352
008372
008392
008417
008436
008461
010296
010297
010298
010299
010300
010301
010302
010303
010304
010305
010306
010307
010308
010309
010310
010311
010312
010313
010314
010315
010316
010317
010318
010319
010320
010321
010322
010323
010324
010325
008276
008277
008278
008279
008280
008281
008282
008283
008284
008285
008286
008287
008288
008289
008290
008291
008292
008293
008294
014582
014583
014584
014585
014586
014587
014588
014589
014590
014591
014592
014593
014594
014595
014596
014597
014598
014599
014600
012231
012232
012233
012234
012235
012236
012237
012238
012239
012240
012241
012242
012243
012244
012245
012246
012247
012248
012249
012250
010958
010959
010960
010961
010962
010963
010964
010965
010966
010967
010968
010969
010970
010971
010972
010973
010974
010975
010976
014201
014202
014203
014204
014205
014206
014207
014208
014209
014210
014211
014212
014213
014214
014215
014216
014217
014218
014219
009789
009790
009791
009792
009793
009794
009795
009796
009797
009798
009799
009800
009801
009802
009803
009804
009805
009806
009807
009808
009809
009810
009811
009812
009813
009814
009815
009816
009817
009818
009819
009820
009821
009822
009823
009824
009825
015157
015158
015159
015160
015161
015162
015163
015164
015165
015166
015167
015168
015169
015170
015171
015172
015173
015174
015175
011842
011843
011844
011845
011846
011847
011848
011849
011850
011851
011852
011853
011854
011855
011856
011857
011858
011859
011860
013223
013224
013225
013226
013227
013228
013229
013230
013231
013232
013233
013234
013235
013236
013237
013238
013239
013240
013241
013242
013243
013244
008620
008621
008622
008623
008624
008625
008626
008627
008628
008629
008630
008631
008632
008633
008634
008635
008636
008637
008638
008639
008640
008641
008642
008643
008644
008645
008646
008647
008648
008649
008650
008651
008652
008653
008654
012745
012746
012747
012748
012749
012750
012751
012752
012753
012754
012755
012756
012757
012758
012759
012760
012761
012762
012763
012764
012765
012766
011452
011453
011454
011455
011456
011457
011458
011459
011460
011461
011462
011463
011464
011465
011466
011467
011468
011469
011470
008207
008208
008209
008210
008211
008212
008213
008214
008215
008216
008217
008218
008219
008220
008221
008222
008223
008224
008225
010002
010003
010004
010005
010006
010007
010008
010009
010010
010011
010012
010013
010014
010015
010016
010017
010018
010019
010020
010021
010022
010023
010024
009479
009480
009481
009482
009483
009484
009485
009486
009487
009488
009489
009490
009491
009492
009493
009494
009495
009496
009497
009498
009499
009500
014953
014954
014955
014956
014957
014958
014959
014960
014961
014962
014963
014964
014965
014966
014967
014968
014969
014970
014971
013396
013397
013398
013399
013400
013401
013402
013403
013404
013405
013406
013407
013408
013409
013410
013411
013412
013413
013414
013415
013416
013417
013418
013419
013420
014441
014442
014443
014444
014445
014446
014447
014448
014449
014450
014451
014452
014453
014454
014455
014456
014457
014458
014459
014460
012014
012015
012016
012017
012018
012019
012020
012021
012022
012023
012024
012025
012026
012027
012028
012029
012030
012031
012032
010705
010706
010707
010708
010709
010710
010711
010712
010713
010714
010715
010716
010717
010718
010719
010720
010721
010722
010723
008437
008438
008439
008440
008441
008442
008443
008444
008445
008446
008447
008448
008449
008450
008451
008452
008453
008454
008455
008456
008457
008458
008459
008460
013951
013952
013953
013954
013955
013956
013957
013958
013959
013960
013961
013962
013963
013964
013965
013966
013967
013968
013969
015293
015294
015295
015296
015297
015298
015299
015300
015301
015302
015303
015304
015305
015306
015307
015308
015309
015310
015311
009092
009093
009094
009095
009096
009097
009098
009099
009100
009101
009102
009103
009104
009105
009106
009107
009108
009109
009110
009111
009112
013198
013199
013200
013201
013202
013203
013204
013205
013206
013207
013208
013209
013210
013211
013212
013213
013214
013215
013216
013217
013218
013219
013220
013221
012768
012769
012770
012771
012772
012773
012774
012775
012776
012777
012778
012779
012780
012781
012782
012783
012784
012785
012786
012787
012788
012789
012790
012791
012792
012793
012794
012795
012796
012797
012798
012799
012800
012801
012802
012803
012804
012805
012561
012562
012563
012564
012565
012566
012567
012568
012569
012570
012571
012572
012573
012574
012575
012576
012577
012578
012579
012580
009502
009503
009504
009505
009506
009507
009508
009509
009510
009511
009512
009513
009514
009515
009516
009517
009518
009519
009520
009521
009522
009523
009524
009525
009526
009527
009528
009529
011230
011231
011232
011233
011234
011235
011236
011237
011238
011239
011240
011241
011242
011243
011244
011245
011246
011247
011248
011249
011250
011251
011252
011253
008815
008816
008817
008818
008819
008820
008821
008822
008823
008824
008825
008826
008827
008828
008829
008830
008831
008832
008833
008834
008835
008836
011702
011703
011704
011705
011706
011707
011708
011709
011710
011711
011712
011713
011714
011715
011716
011717
011718
011719
011720
011721
011861
011893
011912
011945
011964
011990
012013
012033
012057
012076
012109
012134
012162
012183
012207
012230
012251
012281
012301
012324
012362
012382
012420
012444
012465
012485
012520
012540
012560
012581
012603
012639
012659
013377
013378
013379
013380
013381
013382
013383
013384
013385
013386
013387
013388
013389
013390
013391
013392
013393
013394
011472
011473
011474
011475
011476
011477
011478
011479
011480
011481
011482
011483
011484
011485
011486
011487
011488
011489
011490
011491
011492
011493
011494
011495
011496
011497
011498
011499
009983
009984
009985
009986
009987
009988
009989
009990
009991
009992
009993
009994
009995
009996
009997
009998
009999
010000
014221
014222
014223
014224
014225
014226
014227
014228
014229
014230
014231
014232
014233
014234
014235
014236
014237
014238
014239
009233
009234
009235
009236
009237
009238
009239
009240
009241
009242
009243
009244
009245
009246
009247
009248
009249
009250
009251
009252
009253
009254
009255
009256
014973
014974
014975
014976
014977
014978
014979
014980
014981
014982
014983
014984
014985
014986
014987
014988
014989
014990
014991
014992
014993
014994
014995
014996
014997
014998
014999
011862
011863
011864
011865
011866
011867
011868
011869
011870
011871
011872
011873
011874
011875
011876
011877
011878
011879
011880
011881
011882
011883
011884
011885
011886
011887
011888
011889
011890
011891
011892
014754
014755
014756
014757
014758
014759
014760
014761
014762
014763
014764
014765
014766
014767
014768
014769
014770
014771
014772
014773
014774
013883
013884
013885
013886
013887
013888
013889
013890
013891
013892
013893
013894
013895
013896
013897
013898
013899
013900
013901
012363
012364
012365
012366
012367
012368
012369
012370
012371
012372
012373
012374
012375
012376
012377
012378
012379
012380
012381
012135
012136
012137
012138
012139
012140
012141
012142
012143
012144
012145
012146
012147
012148
012149
012150
012151
012152
012153
012154
012155
012156
012157
012158
012159
012160
012161
010725
010726
010727
010728
010729
010730
010731
010732
010733
010734
010735
010736
010737
010738
010739
010740
010741
010742
010743
010744
010745
010746
010747
010277
010278
010279
010280
010281
010282
010283
010284
010285
010286
010287
010288
010289
010290
010291
010292
010293
010294
010484
010485
010486
010487
010488
010489
010490
010491
010492
010493
010494
010495
010496
010497
010498
010499
010500
010501
010502
010503
010504
010505
008020
008021
008022
008023
008024
008025
008026
008027
008028
008029
008030
008031
008032
008033
008034
008035
008036
008037
008038
008039
008040
008041
008042
008043
008044
008045
008046
008047
015313
015314
015315
015316
015317
015318
015319
015320
015321
015322
015323
015324
015325
015326
015327
015328
015329
015330
015331
015332
015333
015334
015335
015336
015337
015338
015339
015340
015341
015342
015343
013631
013632
013633
013634
013635
013636
013637
013638
013639
013640
013641
013642
013643
013644
013645
013646
013647
013648
011077
011078
011079
011080
011081
011082
011083
011084
011085
011086
011087
011088
011089
011090
011091
011092
011093
011094
011095
009412
009413
009414
009415
009416
009417
009418
009419
009420
009421
009422
009423
009424
009425
009426
009427
009428
009429
009430
009431
009432
009433
009434
009435
009436
009437
009438
009439
009440
009441
009442
009443
014094
014095
014096
014097
014098
014099
014100
014101
014102
014103
014104
014105
014106
014107
014108
014109
014110
014111
014112
009770
009771
009772
009773
009774
009775
009776
009777
009778
009779
009780
009781
009782
009783
009784
009785
009786
009787
011783
011784
011785
011786
011787
011788
011789
011790
011791
011792
011793
011794
011795
011796
011797
011798
011799
011800
011801
011802
011803
011804
011805
011806
011807
011808
011809
011810
011811
011812
011813
011814
011815
011336
011337
011338
011339
011340
011341
011342
011343
011344
011345
011346
011347
011348
011349
011350
011351
011352
011353
011354
011355
011356
011357
011358
011359
011360
011361
011362
011363
011602
011603
011604
011605
011606
011607
011608
011609
011610
011611
011612
011613
011614
011615
011616
011617
011618
011619
011620
011621
011622
011623
011624
011625
011626
010577
010578
010579
010580
010581
010582
010583
010584
010585
010586
010587
010588
010589
010590
010591
010592
010593
010594
010595
012640
012641
012642
012643
012644
012645
012646
012647
012648
012649
012650
012651
012652
012653
012654
012655
012656
012657
012658
012889
012890
012891
012892
012893
012894
012895
012896
012897
012898
012899
012900
012901
012902
012903
012904
012905
012906
012907
012908
012909
012910
012911
012912
012913
012914
012915
012916
012917
012918
012919
012920
012921
012922
012923
012466
012467
012468
012469
012470
012471
012472
012473
012474
012475
012476
012477
012478
012479
012480
012481
012482
012483
012484
008915
008916
008917
008918
008919
008920
008921
008922
008923
008924
008925
008926
008927
008928
008929
008930
008931
008932
008933
008934
008935
008936
008937
008938
008939
008940
008941
008942
008943
008944
008945
013098
013099
013100
013101
013102
013103
013104
013105
013106
013107
013108
013109
013110
013111
013112
013113
013114
013115
013116
008601
008602
008603
008604
008605
008606
008607
008608
008609
008610
008611
008612
008613
008614
008615
008616
008617
008618
013776
013777
013778
013779
013780
013781
013782
013783
013784
013785
013786
013787
013788
013789
013790
013791
013792
013793
013794
013795
013796
013797
013798
013799
013800
013801
013802
013803
013804
013805
010831
010832
010833
010834
010835
010836
010837
010838
010839
010840
010841
010842
010843
010844
010845
010846
010847
010848
010849
010850
010851
010852
010853
011913
011914
011915
011916
011917
011918
011919
011920
011921
011922
011923
011924
011925
011926
011927
011928
011929
011930
011931
011932
011933
011934
011935
011936
011937
011938
011939
011940
011941
011942
011943
011944
009297
009298
009299
009300
009301
009302
009303
009304
009305
009306
009307
009308
009309
009310
009311
009312
009313
009314
009315
009316
010025
010046
010076
010096
010116
010136
010157
010176
010212
010232
010255
010276
010295
010326
010345
010369
010391
010413
010436
010459
010483
010506
015428
015429
015430
015431
015432
015433
015434
015435
015436
015437
015438
015439
015440
015441
015442
015443
015444
015445
015446
008418
008419
008420
008421
008422
008423
008424
008425
008426
008427
008428
008429
008430
008431
008432
008433
008434
008435
014329
014330
014331
014332
014333
014334
014335
014336
014337
014338
014339
014340
014341
014342
014343
014344
014345
014346
014347
014348
014349
014350
014351
014352
014353
014354
014355
014356
014357
013421
013446
013465
013502
013521
013541
013567
013587
013607
013630
013649
013675
013707
013727
013754
013775
013806
013834
013857
013882
013902
013929
009650
009651
009652
009653
009654
009655
009656
009657
009658
009659
009660
009661
009662
009663
009664
009665
009666
009667
009668
009669
013286
013287
013288
013289
013290
013291
013292
013293
013294
013295
013296
013297
013298
013299
013300
013301
013302
013303
013304
013305
013306
012869
012870
012871
012872
012873
012874
012875
012876
012877
012878
012879
012880
012881
012882
012883
012884
012885
012886
012887
009891
009892
009893
009894
009895
009896
009897
009898
009899
009900
009901
009902
009903
009904
009905
009906
009907
009908
009909
009910
009911
009912
009913
009914
009915
009916
008713
008714
008715
008716
008717
008718
008719
008720
008721
008722
008723
008724
008725
008726
008727
008728
008729
008730
008731
008732
008733
008734
008735
008736
008737
008738
008739
008740
008741
008742
008743
008118
008119
008120
008121
008122
008123
008124
008125
008126
008127
008128
008129
008130
008131
008132
008133
008134
008135
008136
008137
013522
013523
013524
013525
013526
013527
013528
013529
013530
013531
013532
013533
013534
013535
013536
013537
013538
013539
013540
010392
010393
010394
010395
010396
010397
010398
010399
010400
010401
010402
010403
010404
010405
010406
010407
010408
010409
010410
010411
010412
014862
014863
014864
014865
014866
014867
014868
014869
014870
014871
014872
014873
014874
014875
014876
014877
014878
014879
014880
014881
014882
014883
014884
010137
010138
010139
010140
010141
010142
010143
010144
010145
010146
010147
010148
010149
010150
010151
010152
010153
010154
010155
010156
008296
008297
008298
008299
008300
008301
008302
008303
008304
008305
008306
008307
008308
008309
008310
008311
008312
008313
008314
008315
008316
008317
008318
008319
008320
008321
008322
008323
008324
008325
008326
008327
008328
008329
008330
008331
012077
012078
012079
012080
012081
012082
012083
012084
012085
012086
012087
012088
012089
012090
012091
012092
012093
012094
012095
012096
012097
012098
012099
012100
012101
012102
012103
012104
012105
012106
012107
012108
015079
015080
015081
015082
015083
015084
015085
015086
015087
015088
015089
015090
015091
015092
015093
015094
015095
015096
015097
015098
015099
015100
015101
015102
015103
015104
015105
015106
015107
015108
015109
015110
015111
015112
012383
012384
012385
012386
012387
012388
012389
012390
012391
012392
012393
012394
012395
012396
012397
012398
012399
012400
012401
012402
012403
012404
012405
012406
012407
012408
012409
012410
012411
012412
012413
012414
012415
012416
012417
012418
012419
014635
014636
014637
014638
014639
014640
014641
014642
014643
014644
014645
014646
014647
014648
014649
014650
014651
014652
014653
014530
014531
014532
014533
014534
014535
014536
014537
014538
014539
014540
014541
014542
014543
014544
014545
014546
014547
014548
014549
014550
014551
014552
014553
014554
014555
014556
014557
014558
015177
015178
015179
015180
015181
015182
015183
015184
015185
015186
015187
015188
015189
015190
015191
015192
015193
015194
015195
015196
015197
015198
015199
015200
015201
015202
015203
015204
015205
015206
015207
015208
015209
015210
010597
010598
010599
010600
010601
010602
010603
010604
010605
010606
010607
010608
010609
010610
010611
010612
010613
010614
010615
014114
014115
014116
014117
014118
014119
014120
014121
014122
014123
014124
014125
014126
014127
014128
014129
014130
014131
014132
014133
013708
013709
013710
013711
013712
013713
013714
013715
013716
013717
013718
013719
013720
013721
013722
013723
013724
013725
013726
014839
014840
014841
014842
014843
014844
014845
014846
014847
014848
014849
014850
014851
014852
014853
014854
014855
014856
014857
014858
014859
014860
011097
011098
011099
011100
011101
011102
011103
011104
011105
011106
011107
011108
011109
011110
011111
011112
011113
011114
011115
011116
014385
014386
014387
014388
014389
014390
014391
014392
014393
014394
014395
014396
014397
014398
014399
014400
014401
014402
014403
011543
011544
011545
011546
011547
011548
011549
011550
011551
011552
011553
011554
011555
011556
011557
011558
011559
011560
011561
011562
011563
011564
011565
011566
011567
011568
011569
011570
011571
011572
011573
011574
011575
010526
010527
010528
010529
010530
010531
010532
010533
010534
010535
010536
010537
010538
010539
010540
010541
010542
010543
010544
010545
010546
010547
010548
010549
010550
010551
010552
013971
013972
013973
013974
013975
013976
013977
013978
013979
013980
013981
013982
013983
013984
013985
013986
013987
013988
013989
013990
013991
013992
013993
013994
013995
013996
013997
013998
013999
009846
009847
009848
009849
009850
009851
009852
009853
009854
009855
009856
009857
009858
009859
009860
009861
009862
009863
009864
009865
009866
009867
009868
012826
012827
012828
012829
012830
012831
012832
012833
012834
012835
012836
012837
012838
012839
012840
012841
012842
012843
012844
012845
012846
010213
010214
010215
010216
010217
010218
010219
010220
010221
010222
010223
010224
010225
010226
010227
010228
010229
010230
010231
014290
014291
014292
014293
014294
014295
014296
014297
014298
014299
014300
014301
014302
014303
014304
014305
014306
014307
014308
014309
014310
014311
014312
014313
014314
014315
014316
014317
014318
014319
014320
014321
014322
014323
014324
014325
014326
014327
011022
011023
011024
011025
011026
011027
011028
011029
011030
011031
011032
011033
011034
011035
011036
011037
011038
011039
011040
011041
011042
011043
011044
011045
011046
011047
011048
011049
011050
011051
013118
013119
013120
013121
013122
013123
013124
013125
013126
013127
013128
013129
013130
013131
013132
013133
013134
013135
013136
013137
013138
013139
013035
013036
013037
013038
013039
013040
013041
013042
013043
013044
013045
013046
013047
013048
013049
013050
013051
013052
013053
013568
013569
013570
013571
013572
013573
013574
013575
013576
013577
013578
013579
013580
013581
013582
013583
013584
013585
013586
009593
009594
009595
009596
009597
009598
009599
009600
009601
009602
009603
009604
009605
009606
009607
009608
009609
009610
009611
009612
009613
009614
009615
009616
009617
009618
009619
009620
009621
009622
009623
009624
009625
009626
009627
009628
009629
010812
010813
010814
010815
010816
010817
010818
010819
010820
010821
010822
010823
010824
010825
010826
010827
010828
010829
010077
010078
010079
010080
010081
010082
010083
010084
010085
010086
010087
010088
010089
010090
010091
010092
010093
010094
010095
011284
011285
011286
011287
011288
011289
011290
011291
011292
011293
011294
011295
011296
011297
011298
011299
011300
011301
011302
011303
011304
011305
015369
015370
015371
015372
015373
015374
015375
015376
015377
015378
015379
015380
015381
015382
015383
015384
015385
015386
015387
015388
015389
015390
015391
015392
010346
010347
010348
010349
010350
010351
010352
010353
010354
010355
010356
010357
010358
010359
010360
010361
010362
010363
010364
010365
010366
010367
010368
010437
010438
010439
010440
010441
010442
010443
010444
010445
010446
010447
010448
010449
010450
010451
010452
010453
010454
010455
010456
010457
010458
012282
012283
012284
012285
012286
012287
012288
012289
012290
012291
012292
012293
012294
012295
012296
012297
012298
012299
012300
009015
009016
009017
009018
009019
009020
009021
009022
009023
009024
009025
009026
009027
009028
009029
009030
009031
009032
009033
009034
009035
009036
009037
009038
009039
009040
009041
009042
009043
009044
009045
009046
009047
009048
009049
009050
009051
009052
009720
009721
009722
009723
009724
009725
009726
009727
009728
009729
009730
009731
009732
009733
009734
009735
009736
009737
009738
010656
010657
010658
010659
010660
010661
010662
010663
010664
010665
010666
010667
010668
010669
010670
010671
010672
010673
010674
010675
010676
010677
015020
015021
015022
015023
015024
015025
015026
015027
015028
015029
015030
015031
015032
015033
015034
015035
015036
015037
015038
015236
015237
015238
015239
015240
015241
015242
015243
015244
015245
015246
015247
015248
015249
015250
015251
015252
015253
015254
015255
015256
015257
015258
015259
015260
011157
011158
011159
011160
011161
011162
011163
011164
011165
011166
011167
011168
011169
011170
011171
011172
011173
011174
011175
011176
011177
011178
011179
011180
011181
011182
011183
011184
011185
011413
011414
011415
011416
011417
011418
011419
011420
011421
011422
011423
011424
011425
011426
011427
011428
011429
011430
011431
011432
011433
011434
011435
011436
011437
011438
011439
011440
011441
011442
011443
011444
011445
011446
011447
011448
011449
011450
008526
008527
008528
008529
008530
008531
008532
008533
008534
008535
008536
008537
008538
008539
008540
008541
008542
008543
008544
008545
008546
008547
008548
008549
008550
008551
008552
008553
008554
008555
008556
008557
008558
008559
008560
008561
008562
008563
014655
014656
014657
014658
014659
014660
014661
014662
014663
014664
014665
014666
014667
014668
014669
014670
014671
014672
014673
014674
014675
014676
014677
014678
014679
014680
014681
014682
011764
011765
011766
011767
011768
011769
011770
011771
011772
011773
011774
011775
011776
011777
011778
011779
011780
011781
013835
013836
013837
013838
013839
013840
013841
013842
013843
013844
013845
013846
013847
013848
013849
013850
013851
013852
013853
013854
013855
013856
014559
014581
014601
014634
014654
014683
014702
014732
014753
014775
014797
014819
014838
014861
014885
014905
014925
014952
014972
015000
008480
009014
009530
010001
010525
010957
011841
012695
013395
013950
014529
015019
012486
012487
012488
012489
012490
012491
012492
012493
012494
012495
012496
012497
012498
012499
012500
012501
012502
012503
012504
012505
012506
012507
012508
012509
012510
012511
012512
012513
012514
012515
012516
012517
012518
012519
009574
009575
009576
009577
009578
009579
009580
009581
009582
009583
009584
009585
009586
009587
009588
009589
009590
009591
013676
013677
013678
013679
013680
013681
013682
013683
013684
013685
013686
013687
013688
013689
013690
013691
013692
013693
013694
013695
013696
013697
013698
013699
013700
013701
013702
013703
013704
013705
013706
011628
011629
011630
011631
011632
011633
011634
011635
011636
011637
011638
011639
011640
011641
011642
011643
011644
011645
011646
011647
011648
011649
009214
009215
009216
009217
009218
009219
009220
009221
009222
009223
009224
009225
009226
009227
009228
009229
009230
009231
015133
015134
015135
015136
015137
015138
015139
015140
015141
015142
015143
015144
015145
015146
015147
015148
015149
015150
015151
015152
015153
015154
015155
014020
014021
014022
014023
014024
014025
014026
014027
014028
014029
014030
014031
014032
014033
014034
014035
014036
014037
014038
014039
014040
014041
014042
014043
014044
014045
014046
014047
014048
014049
014050
014051
014052
014053
008896
008897
008898
008899
008900
008901
008902
008903
008904
008905
008906
008907
008908
008909
008910
008911
008912
008913
010895
010896
010897
010898
010899
010900
010901
010902
010903
010904
010905
010906
010907
010908
010909
010910
010911
010912
010913
010977
010999
011021
011052
011076
011096
011117
011156
011186
011205
011229
011254
011283
011306
011335
011364
011383
011412
011451
011471
011500
011523
011542
011576
011601
011627
011650
011681
011701
011722
011742
011763
011782
011816
009364
009365
009366
009367
009368
009369
009370
009371
009372
009373
009374
009375
009376
009377
009378
009379
009380
009381
009382
009383
009384
009385
009386
009387
009388
009389
009390
011384
011385
011386
011387
011388
011389
011390
011391
011392
011393
011394
011395
011396
011397
011398
011399
011400
011401
011402
011403
011404
011405
011406
011407
011408
011409
011410
011411
012184
012185
012186
012187
012188
012189
012190
012191
012192
012193
012194
012195
012196
012197
012198
012199
012200
012201
012202
012203
012204
012205
012206
013466
013467
013468
013469
013470
013471
013472
013473
013474
013475
013476
013477
013478
013479
013480
013481
013482
013483
013484
013485
013486
013487
013488
013489
013490
013491
013492
013493
013494
013495
013496
013497
013498
013499
013500
013501
012604
012605
012606
012607
012608
012609
012610
012611
012612
012613
012614
012615
012616
012617
012618
012619
012620
012621
012622
012623
012624
012625
012626
012627
012628
012629
012630
012631
012632
012633
012634
012635
012636
012637
012638
010177
010178
010179
010180
010181
010182
010183
010184
010185
010186
010187
010188
010189
010190
010191
010192
010193
010194
010195
010196
010197
010198
010199
010200
010201
010202
010203
010204
010205
010206
010207
010208
010209
010210
010211
008764
008765
008766
008767
008768
008769
008770
008771
008772
008773
008774
008775
008776
008777
008778
008779
008780
008781
008782
008783
008784
008785
008786
008787
008788
008789
008790
008791
008068
008069
008070
008071
008072
008073
008074
008075
008076
008077
008078
008079
008080
008081
008082
008083
008084
008085
008086
008087
008088
008089
008090
008091
008092
008093
008094
008095
008096
010026
010027
010028
010029
010030
010031
010032
010033
010034
010035
010036
010037
010038
010039
010040
010041
010042
010043
010044
010045
008694
008695
008696
008697
008698
008699
008700
008701
008702
008703
008704
008705
008706
008707
008708
008709
008710
008711
009053
009091
009113
009139
009168
009188
009213
009232
009257
009296
009317
009344
009363
009391
009411
009444
009478
009501
012696
012697
012698
012699
012700
012701
012702
012703
012704
012705
012706
012707
012708
012709
012710
012711
012712
012713
012714
011965
011966
011967
011968
011969
011970
011971
011972
011973
011974
011975
011976
011977
011978
011979
011980
011981
011982
011983
011984
011985
011986
011987
011988
011989
014159
014160
014161
014162
014163
014164
014165
014166
014167
014168
014169
014170
014171
014172
014173
014174
014175
014176
014177
014178
014179
013333
013334
013335
013336
013337
013338
013339
013340
013341
013342
013343
013344
013345
013346
013347
013348
013349
013350
013351
013352
013353
015448
015449
015450
015451
015452
015453
015454
015455
015456
015457
015458
015459
015460
015461
015462
015463
015464
015465
015466
015467
015468
015469
015470
015471
015472
015473
015474
015475
015476
015477
015478
015479
008163
008164
008165
008166
008167
008168
008169
008170
008171
008172
008173
008174
008175
008176
008177
008178
008179
008180
008181
008182
011206
011207
011208
011209
011210
011211
011212
011213
011214
011215
011216
011217
011218
011219
011220
011221
011222
011223
011224
011225
011226
011227
011228
009550
009551
009552
009553
009554
009555
009556
009557
009558
009559
009560
009561
009562
009563
009564
009565
009566
009567
009568
009569
009570
009571
009572
009942
009943
009944
009945
009946
009947
009948
009949
009950
009951
009952
009953
009954
009955
009956
009957
009958
009959
009960
009961
009169
009170
009171
009172
009173
009174
009175
009176
009177
009178
009179
009180
009181
009182
009183
009184
009185
009186
009187
012944
012945
012946
012947
012948
012949
012950
012951
012952
012953
012954
012955
012956
012957
012958
012959
012960
012961
012962
012963
012964
012965
012966
014703
014704
014705
014706
014707
014708
014709
014710
014711
014712
014713
014714
014715
014716
014717
014718
014719
014720
014721
014722
014723
014724
014725
014726
014727
014728
014729
014730
014731
014906
014907
014908
014909
014910
014911
014912
014913
014914
014915
014916
014917
014918
014919
014920
014921
014922
014923
014924
013246
013247
013248
013249
013250
013251
013252
013253
013254
013255
013256
013257
013258
013259
013260
013261
013262
013263
013264
009671
009672
009673
009674
009675
009676
009677
009678
009679
009680
009681
009682
009683
009684
009685
009686
009687
009688
009689
011723
011724
011725
011726
011727
011728
011729
011730
011731
011732
011733
011734
011735
011736
011737
011738
011739
011740
011741
008481
008482
008483
008484
008485
008486
008487
008488
008489
008490
008491
008492
008493
008494
008495
008496
008497
008498
008499
008500
008501
008502
014511
014512
014513
014514
014515
014516
014517
014518
014519
014520
014521
014522
014523
014524
014525
014526
014527
014528
011524
011525
011526
011527
011528
011529
011530
011531
011532
011533
011534
011535
011536
011537
011538
011539
011540
011541
013055
013056
013057
013058
013059
013060
013061
013062
013063
013064
013065
013066
013067
013068
013069
013070
013071
013072
013073
013074
013075
013076
013903
013904
013905
013906
013907
013908
013909
013910
013911
013912
013913
013914
013915
013916
013917
013918
013919
013920
013921
013922
013923
013924
013925
013926
013927
013928
011118
011119
011120
011121
011122
011123
011124
011125
011126
011127
011128
011129
011130
011131
011132
011133
011134
011135
011136
011137
011138
011139
011140
011141
011142
011143
011144
011145
011146
011147
011148
011149
011150
011151
011152
011153
011154
011155
010233
010234
010235
010236
010237
010238
010239
010240
010241
010242
010243
010244
010245
010246
010247
010248
010249
010250
010251
010252
010253
010254
014820
014821
014822
014823
014824
014825
014826
014827
014828
014829
014830
014831
014832
014833
014834
014835
014836
014837
009445
009446
009447
009448
009449
009450
009451
009452
009453
009454
009455
009456
009457
009458
009459
009460
009461
009462
009463
009464
009465
009466
009467
009468
009469
009470
009471
009472
009473
009474
009475
009476
009477
013728
013729
013730
013731
013732
013733
013734
013735
013736
013737
013738
013739
013740
013741
013742
013743
013744
013745
013746
013747
013748
013749
013750
013751
013752
013753
013447
013448
013449
013450
013451
013452
013453
013454
013455
013456
013457
013458
013459
013460
013461
013462
013463
013464
011894
011895
011896
011897
011898
011899
011900
011901
011902
011903
011904
011905
011906
011907
011908
011909
011910
011911
010637
010638
010639
010640
010641
010642
010643
010644
010645
010646
010647
010648
010649
010650
010651
010652
010653
010654
008373
008374
008375
008376
008377
008378
008379
008380
008381
008382
008383
008384
008385
008386
008387
008388
008389
008390
008391
008947
008948
008949
008950
008951
008952
008953
008954
008955
008956
008957
008958
008959
008960
008961
008962
008963
008964
008965
008966
008227
008228
008229
008230
008231
008232
008233
008234
008235
008236
008237
008238
008239
008240
008241
008242
008243
008244
008245
009054
009055
009056
009057
009058
009059
009060
009061
009062
009063
009064
009065
009066
009067
009068
009069
009070
009071
009072
009073
009074
009075
009076
009077
009078
009079
009080
009081
009082
009083
009084
009085
009086
009087
009088
009089
009090
010097
010098
010099
010100
010101
010102
010103
010104
010105
010106
010107
010108
010109
010110
010111
010112
010113
010114
010115
012325
012326
012327
012328
012329
012330
012331
012332
012333
012334
012335
012336
012337
012338
012339
012340
012341
012342
012343
012344
012345
012346
012347
012348
012349
012350
012351
012352
012353
012354
012355
012356
012357
012358
012359
012360
012361
012715
012744
012767
012806
012825
012847
012868
012888
012924
012943
012967
012986
013009
013034
013054
013077
013097
013117
013140
013159
013197
013222
013245
013265
013285
013307
013332
013354
013376
014271
014272
014273
014274
014275
014276
014277
014278
014279
014280
014281
014282
014283
014284
014285
014286
014287
014288
009631
009632
009633
009634
009635
009636
009637
009638
009639
009640
009641
009642
009643
009644
009645
009646
009647
009648
015262
015263
015264
015265
015266
015267
015268
015269
015270
015271
015272
015273
015274
015275
015276
015277
015278
015279
015280
015281
015282
015283
015284
015285
015286
015287
015288
015289
015290
015291
015212
015213
015214
015215
015216
015217
015218
015219
015220
015221
015222
015223
015224
015225
015226
015227
015228
015229
015230
015231
015232
015233
015234
011577
011578
011579
011580
011581
011582
011583
011584
011585
011586
011587
011588
011589
011590
011591
011592
011593
011594
011595
011596
011597
011598
011599
011600
014602
014603
014604
014605
014606
014607
014608
014609
014610
014611
014612
014613
014614
014615
014616
014617
014618
014619
014620
014621
014622
014623
014624
014625
014626
014627
014628
014629
014630
014631
014632
014633
011817
011818
011819
011820
011821
011822
011823
011824
011825
011826
011827
011828
011829
011830
011831
011832
011833
011834
011835
011836
011837
011838
011839
011840
009140
009141
009142
009143
009144
009145
009146
009147
009148
009149
009150
009151
009152
009153
009154
009155
009156
009157
009158
009159
009160
009161
009162
009163
009164
009165
009166
009167
014001
014002
014003
014004
014005
014006
014007
014008
014009
014010
014011
014012
014013
014014
014015
014016
014017
014018
010679
010680
010681
010682
010683
010684
010685
010686
010687
010688
010689
010690
010691
010692
010693
010694
010695
010696
010697
010698
010699
010700
010701
010702
010703
013422
013423
013424
013425
013426
013427
013428
013429
013430
013431
013432
013433
013434
013435
013436
013437
013438
013439
013440
013441
013442
013443
013444
013445
014482
014483
014484
014485
014486
014487
014488
014489
014490
014491
014492
014493
014494
014495
014496
014497
014498
014499
014500
014501
014502
014503
014504
014505
014506
014507
014508
014509
013930
013931
013932
013933
013934
013935
013936
013937
013938
013939
013940
013941
013942
013943
013944
013945
013946
013947
013948
013949
014798
014799
014800
014801
014802
014803
014804
014805
014806
014807
014808
014809
014810
014811
014812
014813
014814
014815
014816
014817
014818
010256
010257
010258
010259
010260
010261
010262
010263
010264
010265
010266
010267
010268
010269
010270
010271
010272
010273
010274
010275
013078
013079
013080
013081
013082
013083
013084
013085
013086
013087
013088
013089
013090
013091
013092
013093
013094
013095
013096
013755
013756
013757
013758
013759
013760
013761
013762
013763
013764
013765
013766
013767
013768
013769
013770
013771
013772
013773
013774
009258
009259
009260
009261
009262
009263
009264
009265
009266
009267
009268
009269
009270
009271
009272
009273
009274
009275
009276
009277
009278
009279
009280
009281
009282
009283
009284
009285
009286
009287
009288
009289
009290
009291
009292
009293
009294
009295
010915
010916
010917
010918
010919
010920
010921
010922
010923
010924
010925
010926
010927
010928
010929
010930
010931
010932
010933
010934
010935
010936
010117
010118
010119
010120
010121
010122
010123
010124
010125
010126
010127
010128
010129
010130
010131
010132
010133
010134
010135
010617
010618
010619
010620
010621
010622
010623
010624
010625
010626
010627
010628
010629
010630
010631
010632
010633
010634
010635
010768
010769
010770
010771
010772
010773
010774
010775
010776
010777
010778
010779
010780
010781
010782
010783
010784
010785
010786
010787
010788
010789
010790
010876
010877
010878
010879
010880
010881
010882
010883
010884
010885
010886
010887
010888
010889
010890
010891
010892
010893
009345
009346
009347
009348
009349
009350
009351
009352
009353
009354
009355
009356
009357
009358
009359
009360
009361
009362
012058
012059
012060
012061
012062
012063
012064
012065
012066
012067
012068
012069
012070
012071
012072
012073
012074
012075
015040
015041
015042
015043
015044
015045
015046
015047
015048
015049
015050
015051
015052
015053
015054
015055
015056
015057
015058
015059
015060
015061
015062
015063
015064
015065
015066
015067
015068
015069
015070
015071
015072
015073
015074
015075
015076
015077
012807
012808
012809
012810
012811
012812
012813
012814
012815
012816
012817
012818
012819
012820
012821
012822
012823
012824
011651
011652
011653
011654
011655
011656
011657
011658
011659
011660
011661
011662
011663
011664
011665
011666
011667
011668
011669
011670
011671
011672
011673
011674
011675
011676
011677
011678
011679
011680
014405
014406
014407
014408
014409
014410
014411
014412
014413
014414
014415
014416
014417
014418
014419
014420
014421
014422
014423
014424
014425
014426
014427
014428
014429
014430
014431
014432
014433
014434
014435
014436
014437
014438
014439
015345
015346
015347
015348
015349
015350
015351
015352
015353
015354
015355
015356
015357
015358
015359
015360
015361
015362
015363
015364
015365
015366
015367
014359
014360
014361
014362
014363
014364
014365
014366
014367
014368
014369
014370
014371
014372
014373
014374
014375
014376
014377
014378
014379
014380
014381
014382
014383
012421
012422
012423
012424
012425
012426
012427
012428
012429
012430
012431
012432
012433
012434
012435
012436
012437
012438
012439
012440
012441
012442
012443
012925
012926
012927
012928
012929
012930
012931
012932
012933
012934
012935
012936
012937
012938
012939
012940
012941
012942
015481
015482
015483
015484
015485
015486
015487
015488
015489
015490
015491
015492
015493
015494
015495
015496
015497
015498
015499
015500
015501
015502
015503
015504
015505
015506
015507
015508
015509
015510
015511
015512
015513
015514
015515
015516
015517
013010
013011
013012
013013
013014
013015
013016
013017
013018
013019
013020
013021
013022
013023
013024
013025
013026
013027
013028
013029
013030
013031
013032
013033
012110
012111
012112
012113
012114
012115
012116
012117
012118
012119
012120
012121
012122
012123
012124
012125
012126
012127
012128
012129
012130
012131
012132
012133
015001
015002
015003
015004
015005
015006
015007
015008
015009
015010
015011
015012
015013
015014
015015
015016
015017
015018
013503
013504
013505
013506
013507
013508
013509
013510
013511
013512
013513
013514
013515
013516
013517
013518
013519
013520
009392
009393
009394
009395
009396
009397
009398
009399
009400
009401
009402
009403
009404
009405
009406
009407
009408
009409
009410
014560
014561
014562
014563
014564
014565
014566
014567
014568
014569
014570
014571
014572
014573
014574
014575
014576
014577
014578
014579
014580
013588
013589
013590
013591
013592
013593
013594
013595
013596
013597
013598
013599
013600
013601
013602
013603
013604
013605
013606
013970
014000
014019
014054
014093
014113
014134
014158
014180
014200
014220
014240
014270
014289
014328
014358
014384
014404
014440
014461
014481
014510
008989
008990
008991
008992
008993
008994
008995
008996
008997
008998
008999
009000
009001
009002
009003
009004
009005
009006
009007
009008
009009
009010
009011
009012
009013
009740
009741
009742
009743
009744
009745
009746
009747
009748
009749
009750
009751
009752
009753
009754
009755
009756
009757
009758
009759
009760
009761
009762
009763
009764
009765
009766
009767
009768
015394
015395
015396
015397
015398
015399
015400
015401
015402
015403
015404
015405
015406
015407
015408
015409
015410
015411
015412
015413
015414
015415
015416
015417
015418
015419
015420
015421
015422
015423
015424
015425
015426
012660
012661
012662
012663
012664
012665
012666
012667
012668
012669
012670
012671
012672
012673
012674
012675
012676
012677
012678
012679
012680
012681
012682
012683
012684
012685
012686
012687
012688
012689
012690
012691
012692
012693
012694
009531
009532
009533
009534
009535
009536
009537
009538
009539
009540
009541
009542
009543
009544
009545
009546
009547
009548
012848
012849
012850
012851
012852
012853
012854
012855
012856
012857
012858
012859
012860
012861
012862
012863
012864
012865
012866
012867
011501
011502
011503
011504
011505
011506
011507
011508
011509
011510
011511
011512
011513
011514
011515
011516
011517
011518
011519
011520
011521
011522
008793
008794
008795
008796
008797
008798
008799
008800
008801
008802
008803
008804
008805
008806
008807
008808
008809
008810
008811
008812
008813
009189
009190
009191
009192
009193
009194
009195
009196
009197
009198
009199
009200
009201
009202
009203
009204
009205
009206
009207
009208
009209
009210
009211
009212
012252
012253
012254
012255
012256
012257
012258
012259
012260
012261
012262
012263
012264
012265
012266
012267
012268
012269
012270
012271
012272
012273
012274
012275
012276
012277
012278
012279
012280
008098
008099
008100
008101
008102
008103
008104
008105
008106
008107
008108
008109
008110
008111
008112
008113
008114
008115
008116
013542
013543
013544
013545
013546
013547
013548
013549
013550
013551
013552
013553
013554
013555
013556
013557
013558
013559
013560
013561
013562
013563
013564
013565
013566
010460
010461
010462
010463
010464
010465
010466
010467
010468
010469
010470
010471
010472
010473
010474
010475
010476
010477
010478
010479
010480
010481
010482
009918
009919
009920
009921
009922
009923
009924
009925
009926
009927
009928
009929
009930
009931
009932
009933
009934
009935
009936
009937
009938
009939
009940
014135
014136
014137
014138
014139
014140
014141
014142
014143
014144
014145
014146
014147
014148
014149
014150
014151
014152
014153
014154
014155
014156
014157
010855
010856
010857
010858
010859
010860
010861
010862
010863
010864
010865
010866
010867
010868
010869
010870
010871
010872
010873
010874
009318
009319
009320
009321
009322
009323
009324
009325
009326
009327
009328
009329
009330
009331
009332
009333
009334
009335
009336
009337
009338
009339
009340
009341
009342
009343
008139
008140
008141
008142
008143
008144
008145
008146
008147
008148
008149
008150
008151
008152
008153
008154
008155
008156
008157
008158
008159
008160
008161
012034
012035
012036
012037
012038
012039
012040
012041
012042
012043
012044
012045
012046
012047
012048
012049
012050
012051
012052
012053
012054
012055
012056
008393
008394
008395
008396
008397
008398
008399
008400
008401
008402
008403
008404
008405
008406
008407
008408
008409
008410
008411
008412
008413
008414
008415
008416
010792
010793
010794
010795
010796
010797
010798
010799
010800
010801
010802
010803
010804
010805
010806
010807
010808
010809
010810
009870
009871
009872
009873
009874
009875
009876
009877
009878
009879
009880
009881
009882
009883
009884
009885
009886
009887
009888
009889
011743
011744
011745
011746
011747
011748
011749
011750
011751
011752
011753
011754
011755
011756
011757
011758
011759
011760
011761
011762
013160
013161
013162
013163
013164
013165
013166
013167
013168
013169
013170
013171
013172
013173
013174
013175
013176
013177
013178
013179
013180
013181
013182
013183
013184
013185
013186
013187
013188
013189
013190
013191
013192
013193
013194
013195
013196
008858
008859
008860
008861
008862
008863
008864
008865
008866
008867
008868
008869
008870
008871
008872
008873
008874
008875
008876
008877
008878
008879
008880
008881
008882
008883
008884
008885
008886
008887
008888
008889
008890
008891
008892
008893
008894
009827
009828
009829
009830
009831
009832
009833
009834
009835
009836
009837
009838
009839
009840
009841
009842
009843
009844
014055
014056
014057
014058
014059
014060
014061
014062
014063
014064
014065
014066
014067
014068
014069
014070
014071
014072
014073
014074
014075
014076
014077
014078
014079
014080
014081
014082
014083
014084
014085
014086
014087
014088
014089
014090
014091
014092
012521
012522
012523
012524
012525
012526
012527
012528
012529
012530
012531
012532
012533
012534
012535
012536
012537
012538
012539
011053
011054
011055
011056
011057
011058
011059
011060
011061
011062
011063
011064
011065
011066
011067
011068
011069
011070
011071
011072
011073
011074
011075
011000
011001
011002
011003
011004
011005
011006
011007
011008
011009
011010
011011
011012
011013
011014
011015
011016
011017
011018
011019
011020
011307
011308
011309
011310
011311
011312
011313
011314
011315
011316
011317
011318
011319
011320
011321
011322
011323
011324
011325
011326
011327
011328
011329
011330
011331
011332
011333
011334
008656
008657
008658
008659
008660
008661
008662
008663
008664
008665
008666
008667
008668
008669
008670
008671
008672
008673
008674
008675
008676
008677
008678
008679
008680
008681
008682
008683
008684
008685
008686
008687
008688
008689
008690
008691
008692
010327
010328
010329
010330
010331
010332
010333
010334
010335
010336
010337
010338
010339
010340
010341
010342
010343
010344
015114
015115
015116
015117
015118
015119
015120
015121
015122
015123
015124
015125
015126
015127
015128
015129
015130
015131
011255
011256
011257
011258
011259
011260
011261
011262
011263
011264
011265
011266
011267
011268
011269
011270
011271
011272
011273
011274
011275
011276
011277
011278
011279
011280
011281
011282
011187
011188
011189
011190
011191
011192
011193
011194
011195
011196
011197
011198
011199
011200
011201
011202
011203
011204
008745
008746
008747
008748
008749
008750
008751
008752
008753
008754
008755
008756
008757
008758
008759
008760
008761
008762
013807
013808
013809
013810
013811
013812
013813
013814
013815
013816
013817
013818
013819
013820
013821
013822
013823
013824
013825
013826
013827
013828
013829
013830
013831
013832
013833
010554
010555
010556
010557
010558
010559
010560
010561
010562
010563
010564
010565
010566
010567
010568
010569
010570
010571
010572
010573
010574
010575
011946
011947
011948
011949
011950
011951
011952
011953
011954
011955
011956
011957
011958
011959
011960
011961
011962
011963
008049
008050
008051
008052
008053
008054
008055
008056
008057
008058
008059
008060
008061
008062
008063
008064
008065
008066
013308
013309
013310
013311
013312
013313
013314
013315
013316
013317
013318
013319
013320
013321
013322
013323
013324
013325
013326
013327
013328
013329
013330
013331
010047
010048
010049
010050
010051
010052
010053
010054
010055
010056
010057
010058
010059
010060
010061
010062
010063
010064
010065
010066
010067
010068
010069
010070
010071
010072
010073
010074
010075
010553
010576
010596
010616
010636
010655
010678
010704
010724
010748
010767
010791
010811
010830
010854
010875
010894
010914
010937
012208
012209
012210
012211
012212
012213
012214
012215
012216
012217
012218
012219
012220
012221
012222
012223
012224
012225
012226
012227
012228
012229
009691
009692
009693
009694
009695
009696
009697
009698
009699
009700
009701
009702
009703
009704
009705
009706
009707
009708
009709
009710
009711
009712
009713
009714
009715
009716
009717
009718
009549
009573
009592
009630
009649
009670
009690
009719
009739
009769
009788
009826
009845
009869
009890
009917
009941
009962
009982
012716
012717
012718
012719
012720
012721
012722
012723
012724
012725
012726
012727
012728
012729
012730
012731
012732
012733
012734
012735
012736
012737
012738
012739
012740
012741
012742
012743
014684
014685
014686
014687
014688
014689
014690
014691
014692
014693
014694
014695
014696
014697
014698
014699
014700
014701
014733
014734
014735
014736
014737
014738
014739
014740
014741
014742
014743
014744
014745
014746
014747
014748
014749
014750
014751
014752
010414
010415
010416
010417
010418
010419
010420
010421
010422
010423
010424
010425
010426
010427
010428
010429
010430
010431
010432
010433
010434
010435
010370
010371
010372
010373
010374
010375
010376
010377
010378
010379
010380
010381
010382
010383
010384
010385
010386
010387
010388
010389
010390
014886
014887
014888
014889
014890
014891
014892
014893
014894
014895
014896
014897
014898
014899
014900
014901
014902
014903
014904
015039
015078
015113
015132
015156
015176
015211
015235
015261
015292
015312
015344
015368
015393
015427
015447
015480
008462
008463
008464
008465
008466
008467
008468
008469
008470
008471
008472
008473
008474
008475
008476
008477
008478
008479
013141
013142
013143
013144
013145
013146
013147
013148
013149
013150
013151
013152
013153
013154
013155
013156
013157
013158
011991
011992
011993
011994
011995
011996
011997
011998
011999
012000
012001
012002
012003
012004
012005
012006
012007
012008
012009
012010
012011
012012
012445
012446
012447
012448
012449
012450
012451
012452
012453
012454
012455
012456
012457
012458
012459
012460
012461
012462
012463
012464
013608
013609
013610
013611
013612
013613
013614
013615
013616
013617
013618
013619
013620
013621
013622
013623
013624
013625
013626
013627
013628
013629
008184
008185
008186
008187
008188
008189
008190
008191
008192
008193
008194
008195
008196
008197
008198
008199
008200
008201
008202
008203
008204
008205
010749
010750
010751
010752
010753
010754
010755
010756
010757
010758
010759
010760
010761
010762
010763
010764
010765
010766
014181
014182
014183
014184
014185
014186
014187
014188
014189
014190
014191
014192
014193
014194
014195
014196
014197
014198
014199
008504
008505
008506
008507
008508
008509
008510
008511
008512
008513
008514
008515
008516
008517
008518
008519
008520
008521
008522
008523
008524
012968
012969
012970
012971
012972
012973
012974
012975
012976
012977
012978
012979
012980
012981
012982
012983
012984
012985
008838
008839
008840
008841
008842
008843
008844
008845
008846
008847
008848
008849
008850
008851
008852
008853
008854
008855
008856
008503
008525
008564
008600
008619
008655
008693
008712
008744
008763
008792
008814
008837
008857
008895
008914
008946
008967
008988
010978
010979
010980
010981
010982
010983
010984
010985
010986
010987
010988
010989
010990
010991
010992
010993
010994
010995
010996
010997
010998
008333
008334
008335
008336
008337
008338
008339
008340
008341
008342
008343
008344
008345
008346
008347
008348
008349
008350
008351
008565
008566
008567
008568
008569
008570
008571
008572
008573
008574
008575
008576
008577
008578
008579
008580
008581
008582
008583
008584
008585
008586
008587
008588
008589
008590
008591
008592
008593
008594
008595
008596
008597
008598
008599
012163
012164
012165
012166
012167
012168
012169
012170
012171
012172
012173
012174
012175
012176
012177
012178
012179
012180
012181
012182
011365
011366
011367
011368
011369
011370
011371
011372
011373
011374
011375
011376
011377
011378
011379
011380
011381
011382
014926
014927
014928
014929
014930
014931
014932
014933
014934
014935
014936
014937
014938
014939
014940
014941
014942
014943
014944
014945
014946
014947
014948
014949
014950
014951
013858
013859
013860
013861
013862
013863
013864
013865
013866
013867
013868
013869
013870
013871
013872
013873
013874
013875
013876
013877
013878
013879
013880
013881
014241
014242
014243
014244
014245
014246
014247
014248
014249
014250
014251
014252
014253
014254
014255
014256
014257
014258
014259
014260
014261
014262
014263
014264
014265
014266
014267
014268
014269
008247
008248
008249
008250
008251
008252
008253
008254
008255
008256
008257
008258
008259
008260
008261
008262
008263
008264
008265
008266
008267
008268
008269
008270
008271
008272
008273
008274
014776
014777
014778
014779
014780
014781
014782
014783
014784
014785
014786
014787
014788
014789
014790
014791
014792
014793
014794
014795
014796
013355
013356
013357
013358
013359
013360
013361
013362
013363
013364
013365
013366
013367
013368
013369
013370
013371
013372
013373
013374
013375
009114
009115
009116
009117
009118
009119
009120
009121
009122
009123
009124
009125
009126
009127
009128
009129
009130
009131
009132
009133
009134
009135
009136
009137
009138
010507
010508
010509
010510
010511
010512
010513
010514
010515
010516
010517
010518
010519
010520
010521
010522
010523
010524
012302
012303
012304
012305
012306
012307
012308
012309
012310
012311
012312
012313
012314
012315
012316
012317
012318
012319
012320
012321
012322
012323
010938
010939
010940
010941
010942
010943
010944
010945
010946
010947
010948
010949
010950
010951
010952
010953
010954
010955
010956
012582
012583
012584
012585
012586
012587
012588
012589
012590
012591
012592
012593
012594
012595
012596
012597
012598
012599
012600
012601
012602
009963
009964
009965
009966
009967
009968
009969
009970
009971
009972
009973
009974
009975
009976
009977
009978
009979
009980
009981
010158
010159
010160
010161
010162
010163
010164
010165
010166
010167
010168
010169
010170
010171
010172
010173
010174
010175
013266
013267
013268
013269
013270
013271
013272
013273
013274
013275
013276
013277
013278
013279
013280
013281
013282
013283
013284
012541
012542
012543
012544
012545
012546
012547
012548
012549
012550
012551
012552
012553
012554
012555
012556
012557
012558
012559
014462
014463
014464
014465
014466
014467
014468
014469
014470
014471
014472
014473
014474
014475
014476
014477
014478
014479
014480
008353
008354
008355
008356
008357
008358
008359
008360
008361
008362
008363
008364
008365
008366
008367
008368
008369
008370
008371
